1638797772816 0.370471715927124 0
1638797772969 0.43106594681739807 1
1638797773113 0.4311962425708771 2
1638797773226 0.43106594681739807 3
1638797773338 0.43106594681739807 4
1638797773449 0.4311962425708771 5
1638797773560 0.4309356212615967 6
1638797773672 0.43106594681739807 7
1638797773785 0.43106594681739807 8
1638797773899 0.43106594681739807 9
1638797774009 0.43106594681739807 10
1638797774117 0.43106594681739807 11
1638797774230 0.43106594681739807 12
1638797774341 0.43106594681739807 13
1638797774451 0.43106594681739807 14
1638797774567 0.43106594681739807 15
1638797774679 0.43106594681739807 16
1638797774794 0.43106594681739807 17
1638797774901 0.43106594681739807 18
1638797775008 0.43106594681739807 19
1638797775111 0.43106594681739807 20
1638797775215 0.43106594681739807 21
1638797775316 0.43106594681739807 22
1638797775431 0.43106594681739807 23
1638797775542 0.43106594681739807 24
1638797775650 0.43106594681739807 25
1638797775762 0.43106594681739807 26
1638797775867 0.43106594681739807 27
1638797775967 0.43106594681739807 28
1638797776079 0.43106594681739807 29
1638797776184 0.43106594681739807 30
1638797776290 0.43106594681739807 31
1638797776395 0.43106594681739807 32
1638797776498 0.43106594681739807 33
1638797776601 0.43106594681739807 34
1638797776704 0.43106594681739807 35
1638797776806 0.43106594681739807 36
1638797776908 0.43106594681739807 37
1638797777010 0.43106594681739807 38
1638797777112 0.43106594681739807 39
1638797777219 0.43106594681739807 40
1638797777325 0.43106594681739807 41
1638797777430 0.43106594681739807 42
1638797777531 0.43106594681739807 43
1638797777637 0.43106594681739807 44
1638797777740 0.43106594681739807 45
1638797777846 0.43106594681739807 46
1638797777952 0.43106594681739807 47
1638797778063 0.43106594681739807 48
1638797778169 0.43106594681739807 49
1638797778272 0.43106594681739807 50
1638797778378 0.43106594681739807 51
1638797778480 0.43106594681739807 52
1638797778581 0.43106594681739807 53
1638797778686 0.43106594681739807 54
1638797778788 0.43106594681739807 55
1638797778893 0.43106594681739807 56
1638797778999 0.43106594681739807 57
1638797779103 0.43106594681739807 58
1638797779207 0.43106594681739807 59
1638797779310 0.43106594681739807 60
1638797779412 0.43106594681739807 61
1638797779517 0.43106594681739807 62
1638797779623 0.43106594681739807 63
1638797779731 0.43106594681739807 64
1638797779848 0.43106594681739807 65
1638797779958 0.43106594681739807 66
1638797780063 0.43106594681739807 67
1638797780166 0.43106594681739807 68
1638797780269 0.43106594681739807 69
1638797780375 0.43106594681739807 70
1638797780480 0.43106594681739807 71
1638797780583 0.43106594681739807 72
1638797780686 0.43106594681739807 73
1638797780788 0.43106594681739807 74
1638797780888 0.43106594681739807 75
1638797780990 0.43106594681739807 76
1638797781104 0.43106594681739807 77
1638797781216 0.43106594681739807 78
1638797781346 0.43106594681739807 79
1638797781457 0.43106594681739807 80
1638797781565 0.43106594681739807 81
1638797781672 0.43106594681739807 82
1638797781782 0.43106594681739807 83
1638797781905 0.43106594681739807 84
1638797782019 0.43106594681739807 85
1638797782151 0.43106594681739807 86
1638797782267 0.43106594681739807 87
1638797782382 0.43106594681739807 88
1638797782487 0.43106594681739807 89
1638797782589 0.43106594681739807 90
1638797782692 0.43106594681739807 91
1638797782803 0.43106594681739807 92
1638797782939 0.43106594681739807 93
1638797783077 0.43106594681739807 94
1638797783194 0.43106594681739807 95
1638797783298 0.43106594681739807 96
1638797783400 0.43106594681739807 97
1638797783504 0.43106594681739807 98
1638797783618 0.43106594681739807 99
