1638797772816 152.0030517578125 0
1638797772969 1.5577409267425537 1
1638797773113 1.4635801315307617 2
1638797773226 1.4258835315704346 3
1638797773338 1.4013742208480835 4
1638797773449 1.4318186044692993 5
1638797773560 1.3802300691604614 6
1638797773672 1.375150442123413 7
1638797773785 1.372896432876587 8
1638797773899 1.3717594146728516 9
1638797774009 1.371093988418579 10
1638797774117 1.3707753419876099 11
1638797774230 1.3706042766571045 12
1638797774341 1.3704943656921387 13
1638797774451 1.3704607486724854 14
1638797774567 1.3704183101654053 15
1638797774679 1.3703840970993042 16
1638797774794 1.3703950643539429 17
1638797774901 1.3703985214233398 18
1638797775008 1.3704025745391846 19
1638797775111 1.3703809976577759 20
1638797775215 1.370384693145752 21
1638797775316 1.370376706123352 22
1638797775431 1.3703922033309937 23
1638797775542 1.3703885078430176 24
1638797775650 1.3703988790512085 25
1638797775762 1.3704136610031128 26
1638797775867 1.3703874349594116 27
1638797775967 1.370402216911316 28
1638797776079 1.3703861236572266 29
1638797776184 1.3704038858413696 30
1638797776290 1.3703874349594116 31
1638797776395 1.370406985282898 32
1638797776498 1.3704053163528442 33
1638797776601 1.3704086542129517 34
1638797776704 1.3703969717025757 35
1638797776806 1.3704040050506592 36
1638797776908 1.3704020977020264 37
1638797777010 1.370386004447937 38
1638797777112 1.3703826665878296 39
1638797777219 1.370391845703125 40
1638797777325 1.3703850507736206 41
1638797777430 1.3703944683074951 42
1638797777531 1.370387077331543 43
1638797777637 1.3703863620758057 44
1638797777740 1.37039315700531 45
1638797777846 1.37038254737854 46
1638797777952 1.3703962564468384 47
1638797778063 1.3703786134719849 48
1638797778169 1.3704031705856323 49
1638797778272 1.3703888654708862 50
1638797778378 1.370392084121704 51
1638797778480 1.3704042434692383 52
1638797778581 1.3703950643539429 53
1638797778686 1.3703900575637817 54
1638797778788 1.3703925609588623 55
1638797778893 1.3703875541687012 56
1638797778999 1.370394229888916 57
1638797779103 1.37039053440094 58
1638797779207 1.3703949451446533 59
1638797779310 1.3703967332839966 60
1638797779412 1.3703882694244385 61
1638797779517 1.3703899383544922 62
1638797779623 1.3704019784927368 63
1638797779731 1.3704065084457397 64
1638797779848 1.3703879117965698 65
1638797779958 1.370389699935913 66
1638797780063 1.3703840970993042 67
1638797780166 1.3704086542129517 68
1638797780269 1.3704026937484741 69
1638797780375 1.3703662157058716 70
1638797780480 1.3703899383544922 71
1638797780583 1.3703888654708862 72
1638797780686 1.3703774213790894 73
1638797780788 1.3704018592834473 74
1638797780888 1.37039053440094 75
1638797780990 1.370390772819519 76
1638797781104 1.3704067468643188 77
1638797781216 1.3703975677490234 78
1638797781346 1.3703850507736206 79
1638797781457 1.370388150215149 80
1638797781565 1.3703851699829102 81
1638797781672 1.3703923225402832 82
1638797781782 1.37041175365448 83
1638797781905 1.3704043626785278 84
1638797782019 1.3703988790512085 85
1638797782151 1.3703720569610596 86
1638797782267 1.3703908920288086 87
1638797782382 1.3703620433807373 88
1638797782487 1.3703930377960205 89
1638797782589 1.3703898191452026 90
1638797782692 1.3703957796096802 91
1638797782803 1.3703936338424683 92
1638797782939 1.3704081773757935 93
1638797783077 1.3703868389129639 94
1638797783194 1.3703967332839966 95
1638797783298 1.3703943490982056 96
1638797783400 1.370381474494934 97
1638797783504 1.3704020977020264 98
1638797783618 1.3703945875167847 99
